 Please input a value
 x =    7.50000000    
 sinh(x) =    904.020935    
 cosh(x) =    904.021484    
 exp(x) =    1808.04236    
 log(x) =    2.01490307    
